1              	 71.0
2              	 70.0
3              	 69.0
4              	 70.0
5              	 69.0
6              	 70.0
7              	 71.0
8              	 71.0
9              	 72.0
10             	 74.0
11             	 73.0
12             	 73.0
13             	 73.0
14             	 73.0
15             	 73.0
16             	 74.0
17             	 75.0
18             	 74.0
19             	 75.0
21             	 77.0
22             	 77.0
23             	 77.0
24             	 78.0
25             	 78.0
26             	 78.0
27             	 79.0
28             	 78.0
29             	 79.0
30             	 78.0
31             	 79.0
32             	 78.0
33             	 79.0
34             	 81.0
35             	 79.0
37             	 81.0
38             	 81.0
39             	 80.0
40             	 81.0
41             	 81.0
42             	 82.0
43             	 81.0
44             	 82.0
46             	 82.0
47             	 82.0
48             	 81.0
49             	 82.0
50             	 81.0
51             	 82.0
52             	 82.0
53             	 81.0
54             	 82.0
55             	 82.0
57             	 82.0
58             	 82.0
59             	 82.0
60             	 82.0
61             	 83.0
62             	 81.0
63             	 83.0
64             	 83.0
66             	 82.0
67             	 82.0
68             	 83.0
69             	 82.0
70             	 82.0
71             	 83.0
72             	 83.0
73             	 82.0
74             	 82.0
76             	 83.0
77             	 83.0
78             	 83.0
79             	 82.0
80             	 83.0
81             	 83.0
82             	 82.0
84             	 82.0
85             	 83.0
86             	 83.0
87             	 83.0
88             	 82.0
89             	 82.0
90             	 82.0
91             	 82.0
93             	 83.0
94             	 83.0
95             	 82.0
96             	 82.0
97             	 83.0
98             	 82.0
99             	 82.0
100            	 83.0
102            	 84.0
103            	 83.0
104            	 83.0
105            	 83.0
106            	 82.0
107            	 83.0
108            	 82.0
110            	 82.0
111            	 83.0
112            	 83.0
113            	 83.0
114            	 83.0
115            	 82.0
116            	 82.0
118            	 82.0
119            	 83.0
120            	 83.0
121            	 82.0
122            	 83.0
123            	 83.0
124            	 83.0
125            	 82.0
127            	 83.0
128            	 82.0
129            	 82.0
130            	 83.0
131            	 83.0
132            	 83.0
133            	 83.0
135            	 82.0
136            	 83.0
137            	 82.0
138            	 83.0
139            	 83.0
140            	 83.0
141            	 83.0
142            	 83.0
144            	 82.0
145            	 84.0
146            	 83.0
147            	 82.0
148            	 83.0
149            	 83.0
150            	 83.0
151            	 84.0
153            	 83.0
154            	 83.0
155            	 84.0
156            	 82.0
157            	 83.0
158            	 83.0
159            	 85.0
161            	 84.0
162            	 83.0
163            	 84.0
164            	 83.0
165            	 83.0
166            	 83.0
167            	 83.0
169            	 82.0
170            	 84.0
171            	 83.0
172            	 83.0
173            	 84.0
174            	 84.0
175            	 84.0
177            	 83.0
178            	 84.0
179            	 84.0
180            	 83.0
181            	 84.0
182            	 83.0
183            	 83.0
184            	 85.0
185            	 83.0
187            	 84.0
188            	 83.0
189            	 84.0
190            	 84.0
191            	 83.0
192            	 83.0
193            	 84.0
195            	 83.0
196            	 84.0
197            	 83.0
198            	 83.0
199            	 83.0
200            	 83.0
201            	 83.0
203            	 84.0
204            	 84.0
205            	 83.0
206            	 84.0
207            	 83.0
208            	 83.0
209            	 84.0
211            	 83.0
212            	 84.0
213            	 83.0
214            	 84.0
215            	 83.0
216            	 83.0
217            	 84.0
219            	 84.0
220            	 83.0
221            	 84.0
222            	 84.0
223            	 83.0
224            	 83.0
225            	 83.0
226            	 83.0
228            	 84.0
229            	 83.0
230            	 82.0
231            	 84.0
232            	 84.0
233            	 84.0
234            	 84.0
235            	 83.0
237            	 84.0
238            	 84.0
239            	 83.0
240            	 83.0
241            	 83.0
242            	 84.0
243            	 83.0
244            	 84.0
246            	 84.0
247            	 84.0
248            	 83.0
249            	 84.0
250            	 84.0
251            	 83.0
252            	 83.0
254            	 84.0
255            	 84.0
256            	 84.0
257            	 84.0
258            	 84.0
259            	 84.0
260            	 84.0
261            	 84.0
263            	 85.0
264            	 84.0
265            	 84.0
266            	 84.0
267            	 85.0
268            	 85.0
269            	 85.0
270            	 84.0
271            	 85.0
273            	 84.0
274            	 84.0
275            	 83.0
276            	 84.0
277            	 84.0
278            	 84.0
279            	 85.0
280            	 85.0
282            	 84.0
283            	 84.0
284            	 84.0
285            	 85.0
286            	 84.0
287            	 84.0
289            	 84.0
290            	 84.0
291            	 85.0
292            	 84.0
293            	 84.0
294            	 84.0
295            	 84.0
296            	 85.0
297            	 84.0
299            	 84.0
300            	 85.0
301            	 84.0
302            	 84.0
303            	 85.0
304            	 85.0
305            	 84.0
307            	 85.0
308            	 84.0
309            	 85.0
310            	 85.0
311            	 85.0
312            	 85.0
313            	 84.0
314            	 85.0
316            	 83.0
317            	 84.0
318            	 85.0
319            	 84.0
320            	 85.0
321            	 85.0
322            	 84.0
323            	 84.0
325            	 84.0
326            	 85.0
327            	 84.0
328            	 84.0
329            	 85.0
330            	 85.0
331            	 85.0
333            	 84.0
334            	 84.0
335            	 84.0
336            	 84.0
337            	 85.0
338            	 84.0
339            	 85.0
341            	 84.0
342            	 85.0
343            	 85.0
344            	 85.0
345            	 84.0
346            	 84.0
347            	 84.0
348            	 84.0
349            	 85.0
351            	 84.0
352            	 85.0
353            	 85.0
354            	 84.0
355            	 85.0
356            	 85.0
357            	 83.0
358            	 84.0
360            	 85.0
361            	 85.0
362            	 84.0
363            	 85.0
364            	 84.0
365            	 85.0
366            	 84.0
368            	 85.0
369            	 85.0
370            	 84.0
371            	 85.0
372            	 84.0
373            	 84.0
374            	 84.0
376            	 85.0
377            	 85.0
378            	 85.0
379            	 86.0
380            	 85.0
381            	 85.0
382            	 85.0
384            	 85.0
385            	 84.0
386            	 85.0
387            	 85.0
388            	 85.0
389            	 86.0
390            	 85.0
391            	 85.0
393            	 86.0
394            	 84.0
395            	 84.0
396            	 85.0
397            	 85.0
398            	 85.0
399            	 84.0
400            	 85.0
402            	 86.0
403            	 85.0
404            	 85.0
405            	 85.0
406            	 86.0
407            	 84.0
409            	 85.0
410            	 85.0
411            	 85.0
412            	 85.0
413            	 85.0
414            	 85.0
415            	 84.0
416            	 85.0
418            	 85.0
419            	 85.0
420            	 85.0
421            	 85.0
422            	 85.0
423            	 85.0
424            	 85.0
426            	 86.0
427            	 85.0
428            	 85.0
429            	 85.0
430            	 85.0
431            	 85.0
432            	 85.0
434            	 85.0
435            	 85.0
436            	 85.0
437            	 85.0
438            	 85.0
439            	 86.0
440            	 85.0
442            	 85.0
443            	 85.0
444            	 86.0
445            	 84.0
446            	 86.0
447            	 85.0
448            	 85.0
450            	 85.0
451            	 85.0
452            	 86.0
453            	 85.0
454            	 85.0
455            	 85.0
456            	 86.0
458            	 84.0
459            	 86.0
460            	 84.0
461            	 85.0
462            	 86.0
463            	 85.0
464            	 85.0
466            	 86.0
467            	 85.0
468            	 85.0
469            	 84.0
470            	 85.0
471            	 84.0
472            	 85.0
474            	 86.0
475            	 86.0
476            	 85.0
477            	 85.0
478            	 84.0
479            	 85.0
480            	 84.0
482            	 84.0
483            	 84.0
484            	 86.0
485            	 85.0
486            	 85.0
487            	 85.0
488            	 85.0
489            	 85.0
491            	 85.0
492            	 86.0
493            	 86.0
494            	 86.0
495            	 85.0
496            	 85.0
497            	 86.0
499            	 85.0
500            	 86.0
501            	 85.0
502            	 85.0
503            	 85.0
504            	 85.0
505            	 85.0
506            	 85.0
508            	 84.0
509            	 85.0
510            	 85.0
511            	 85.0
512            	 85.0
513            	 85.0
514            	 84.0
516            	 86.0
517            	 85.0
518            	 84.0
519            	 85.0
520            	 85.0
521            	 84.0
522            	 85.0
524            	 85.0
525            	 86.0
526            	 85.0
527            	 85.0
528            	 84.0
529            	 86.0
530            	 85.0
532            	 85.0
533            	 85.0
534            	 85.0
535            	 86.0
536            	 85.0
537            	 85.0
538            	 86.0
540            	 85.0
541            	 86.0
542            	 85.0
543            	 86.0
544            	 85.0
545            	 85.0
546            	 85.0
547            	 86.0
549            	 85.0
550            	 85.0
551            	 84.0
552            	 86.0
553            	 86.0
554            	 85.0
555            	 86.0
556            	 86.0
558            	 86.0
559            	 85.0
560            	 85.0
561            	 85.0
562            	 85.0
563            	 84.0
565            	 86.0
566            	 84.0
567            	 85.0
568            	 84.0
569            	 85.0
570            	 85.0
571            	 86.0
573            	 86.0
574            	 84.0
575            	 85.0
576            	 85.0
577            	 85.0
578            	 85.0
579            	 85.0
581            	 86.0
582            	 85.0
583            	 85.0
584            	 85.0
585            	 86.0
586            	 85.0
587            	 85.0
588            	 86.0
590            	 85.0
591            	 85.0
592            	 86.0
593            	 85.0
594            	 86.0
595            	 86.0
596            	 86.0
598            	 85.0
599            	 85.0
600            	 85.0
601            	 85.0
602            	 85.0
603            	 86.0
605            	 85.0
606            	 86.0
607            	 85.0
608            	 84.0
609            	 85.0
610            	 85.0
611            	 85.0
612            	 86.0
613            	 85.0
615            	 84.0
616            	 85.0
617            	 85.0
618            	 85.0
619            	 86.0
620            	 86.0
621            	 85.0
623            	 85.0
624            	 85.0
625            	 85.0
626            	 85.0
627            	 86.0
628            	 86.0
630            	 86.0
631            	 86.0
632            	 86.0
633            	 84.0
634            	 85.0
635            	 85.0
636            	 85.0
637            	 85.0
639            	 85.0
640            	 86.0
641            	 86.0
642            	 85.0
643            	 85.0
644            	 85.0
645            	 85.0
646            	 85.0
648            	 85.0
649            	 85.0
650            	 85.0
651            	 85.0
652            	 85.0
653            	 84.0
654            	 85.0
656            	 85.0
657            	 86.0
658            	 85.0
659            	 84.0
660            	 84.0
661            	 86.0
662            	 86.0
664            	 84.0
665            	 86.0
666            	 85.0
667            	 85.0
668            	 86.0
669            	 85.0
670            	 85.0
671            	 85.0
673            	 85.0
674            	 86.0
675            	 86.0
676            	 86.0
677            	 85.0
678            	 85.0
679            	 85.0
681            	 85.0
682            	 85.0
683            	 84.0
684            	 84.0
685            	 85.0
686            	 85.0
687            	 85.0
689            	 85.0
690            	 86.0
691            	 85.0
692            	 85.0
693            	 85.0
694            	 86.0
695            	 83.0
696            	 86.0
698            	 86.0
699            	 86.0
700            	 85.0
701            	 84.0
702            	 85.0
703            	 85.0
704            	 85.0
706            	 85.0
707            	 85.0
708            	 85.0
709            	 85.0
710            	 85.0
711            	 85.0
712            	 86.0
713            	 85.0
714            	 85.0
716            	 85.0
717            	 85.0
718            	 84.0
719            	 84.0
720            	 85.0
721            	 86.0
722            	 87.0
724            	 84.0
725            	 85.0
726            	 86.0
727            	 86.0
728            	 86.0
729            	 85.0
730            	 86.0
731            	 85.0
733            	 86.0
734            	 86.0
735            	 85.0
736            	 85.0
737            	 86.0
738            	 85.0
739            	 85.0
741            	 86.0
742            	 86.0
743            	 86.0
744            	 86.0
745            	 84.0
746            	 85.0
747            	 84.0
749            	 86.0
750            	 86.0
751            	 85.0
752            	 85.0
753            	 85.0
754            	 85.0
755            	 85.0
756            	 85.0
757            	 86.0
759            	 85.0
760            	 85.0
761            	 85.0
762            	 86.0
763            	 85.0
764            	 86.0
765            	 86.0
767            	 85.0
768            	 86.0
769            	 84.0
770            	 85.0
771            	 85.0
772            	 84.0
773            	 85.0
774            	 85.0
776            	 85.0
777            	 85.0
778            	 85.0
779            	 85.0
780            	 85.0
781            	 85.0
782            	 85.0
783            	 85.0
785            	 85.0
786            	 86.0
787            	 85.0
788            	 86.0
789            	 86.0
790            	 85.0
792            	 84.0
793            	 85.0
794            	 86.0
795            	 85.0
796            	 85.0
797            	 86.0
798            	 85.0
800            	 85.0
801            	 85.0
802            	 85.0
803            	 86.0
804            	 85.0
805            	 85.0
806            	 86.0
807            	 86.0
809            	 85.0
810            	 85.0
811            	 85.0
812            	 86.0
813            	 85.0
814            	 86.0
815            	 86.0
816            	 85.0
818            	 84.0
819            	 86.0
820            	 85.0
821            	 85.0
822            	 85.0
823            	 85.0
824            	 86.0
826            	 85.0
827            	 85.0
828            	 86.0
829            	 86.0
830            	 85.0
831            	 84.0
832            	 86.0
834            	 86.0
835            	 85.0
836            	 84.0
837            	 86.0
838            	 86.0
839            	 84.0
840            	 86.0
841            	 85.0
843            	 85.0
844            	 85.0
845            	 85.0
846            	 85.0
847            	 84.0
848            	 85.0
849            	 86.0
851            	 85.0
852            	 85.0
853            	 85.0
854            	 85.0
855            	 85.0
856            	 86.0
857            	 86.0
859            	 85.0
860            	 85.0
861            	 85.0
862            	 86.0
863            	 86.0
864            	 86.0
865            	 86.0
866            	 86.0
868            	 85.0
869            	 85.0
870            	 84.0
871            	 87.0
872            	 86.0
873            	 85.0
874            	 85.0
876            	 85.0
877            	 85.0
878            	 86.0
879            	 85.0
880            	 86.0
881            	 85.0
882            	 86.0
884            	 85.0
885            	 85.0
886            	 85.0
887            	 86.0
888            	 85.0
889            	 86.0
890            	 86.0
892            	 87.0
893            	 86.0
894            	 85.0
895            	 85.0
896            	 85.0
897            	 85.0
898            	 86.0
899            	 87.0
901            	 86.0
902            	 85.0
903            	 85.0
904            	 85.0
905            	 86.0
906            	 86.0
908            	 85.0
909            	 86.0
910            	 85.0
911            	 85.0
912            	 85.0
913            	 84.0
914            	 86.0
916            	 86.0
917            	 85.0
918            	 86.0
919            	 84.0
920            	 85.0
921            	 85.0
922            	 84.0
924            	 85.0
925            	 86.0
926            	 86.0
927            	 86.0
928            	 86.0
929            	 85.0
930            	 84.0
932            	 86.0
933            	 86.0
934            	 84.0
935            	 86.0
936            	 85.0
937            	 85.0
938            	 85.0
939            	 85.0
941            	 85.0
942            	 86.0
943            	 85.0
944            	 85.0
945            	 86.0
946            	 86.0
947            	 85.0
949            	 87.0
950            	 85.0
951            	 85.0
952            	 86.0
953            	 85.0
954            	 86.0
956            	 86.0
957            	 85.0
958            	 86.0
959            	 86.0
960            	 85.0
961            	 86.0
962            	 84.0
964            	 85.0
965            	 85.0
966            	 85.0
967            	 86.0
968            	 86.0
969            	 85.0
970            	 85.0
972            	 86.0
973            	 86.0
974            	 85.0
975            	 86.0
976            	 85.0
977            	 85.0
978            	 85.0
980            	 86.0
981            	 86.0
982            	 85.0
983            	 85.0
984            	 87.0
985            	 86.0
986            	 85.0
988            	 85.0
989            	 85.0
990            	 85.0
991            	 86.0
992            	 86.0
993            	 85.0
994            	 85.0
996            	 85.0
997            	 86.0
998            	 86.0
999            	 85.0
1000           	 85.0
1001           	 85.0
1002           	 86.0
1004           	 84.0
1005           	 87.0
1006           	 85.0
1007           	 85.0
1008           	 85.0
1009           	 86.0
1011           	 85.0
1012           	 86.0
1013           	 85.0
1014           	 86.0
1015           	 86.0
1016           	 85.0
1017           	 85.0
1018           	 86.0
1019           	 86.0
1021           	 86.0
1022           	 85.0
1023           	 85.0
1024           	 85.0
1025           	 86.0
1026           	 85.0
1027           	 85.0
1028           	 86.0
1030           	 85.0
1031           	 86.0
1032           	 86.0
1033           	 86.0
1034           	 85.0
1035           	 86.0
1036           	 85.0
1037           	 85.0
1039           	 86.0
1040           	 85.0
1041           	 85.0
1042           	 85.0
1043           	 85.0
1044           	 85.0
1045           	 86.0
1047           	 85.0
1048           	 85.0
1049           	 85.0
1050           	 85.0
1051           	 86.0
1052           	 86.0
1053           	 85.0
1054           	 85.0
1056           	 86.0
1057           	 86.0
1058           	 85.0
1059           	 85.0
1060           	 85.0
1061           	 86.0
1062           	 85.0
1063           	 86.0
1065           	 85.0
1066           	 86.0
1067           	 86.0
1068           	 85.0
1069           	 86.0
1070           	 86.0
1072           	 85.0
1073           	 86.0
1074           	 86.0
1075           	 85.0
1076           	 85.0
1077           	 86.0
1078           	 86.0
1080           	 85.0
1081           	 85.0
1082           	 86.0
1083           	 85.0
1084           	 85.0
1085           	 86.0
1086           	 85.0
1088           	 84.0
1089           	 86.0
1090           	 86.0
1091           	 86.0
1092           	 85.0
1093           	 85.0
1094           	 85.0
1096           	 86.0
1097           	 85.0
1098           	 86.0
1099           	 86.0
1100           	 87.0
1101           	 86.0
1102           	 86.0
1103           	 86.0
1105           	 86.0
1106           	 85.0
1107           	 85.0
1108           	 85.0
1109           	 85.0
1110           	 85.0
1112           	 85.0
1113           	 85.0
1114           	 85.0
1115           	 85.0
1116           	 86.0
1117           	 86.0
1118           	 85.0
1120           	 86.0
1121           	 85.0
1122           	 85.0
1123           	 86.0
1124           	 85.0
1125           	 86.0
1126           	 86.0
1127           	 85.0
1129           	 86.0
1130           	 85.0
1131           	 85.0
1132           	 85.0
1133           	 86.0
1134           	 85.0
1135           	 86.0
1136           	 85.0
1138           	 86.0
1139           	 86.0
1140           	 85.0
1141           	 85.0
1142           	 86.0
1143           	 86.0
1144           	 86.0
1146           	 85.0
1147           	 85.0
1148           	 86.0
1149           	 86.0
1150           	 84.0
1151           	 86.0
1152           	 85.0
1154           	 86.0
1155           	 84.0
1156           	 85.0
1157           	 85.0
1158           	 84.0
1159           	 86.0
1160           	 86.0
1162           	 85.0
1163           	 86.0
1164           	 85.0
1165           	 86.0
1166           	 86.0
1167           	 85.0
1168           	 85.0
1169           	 86.0
1171           	 85.0
1172           	 85.0
1173           	 86.0
1174           	 86.0
1175           	 86.0
1176           	 85.0
1177           	 85.0
1179           	 86.0
1180           	 85.0
1181           	 85.0
1182           	 86.0
1183           	 86.0
1184           	 86.0
1185           	 85.0
1187           	 85.0
1188           	 86.0
1189           	 86.0
1190           	 85.0
1191           	 85.0
1192           	 86.0
1193           	 87.0
1195           	 84.0
1196           	 85.0
1197           	 85.0
1198           	 87.0
1199           	 85.0
1200           	 86.0
1201           	 85.0
1203           	 85.0
1204           	 84.0
1205           	 85.0
1206           	 84.0
1207           	 85.0
1208           	 86.0
1209           	 85.0
1211           	 85.0
1212           	 86.0
1213           	 86.0
1214           	 85.0
1215           	 86.0
1216           	 85.0
1217           	 85.0
1219           	 85.0
1220           	 86.0
1221           	 85.0
1222           	 87.0
1223           	 86.0
1224           	 85.0
1225           	 85.0
1226           	 85.0
1228           	 86.0
1229           	 86.0
1230           	 86.0
1231           	 87.0
1232           	 86.0
1233           	 85.0
1235           	 86.0
1236           	 85.0
1237           	 85.0
1238           	 86.0
1239           	 86.0
1240           	 87.0
1241           	 85.0
1243           	 86.0
1244           	 85.0
1245           	 86.0
1246           	 86.0
1247           	 85.0
1248           	 86.0
1249           	 86.0
1251           	 86.0
1252           	 85.0
1253           	 86.0
1254           	 84.0
1255           	 85.0
1256           	 85.0
1257           	 86.0
1258           	 86.0
1259           	 85.0
1261           	 86.0
1262           	 85.0
1263           	 84.0
1264           	 85.0
1265           	 86.0
1266           	 86.0
1267           	 85.0
1268           	 85.0
1270           	 85.0
1271           	 85.0
1272           	 86.0
1273           	 86.0
1274           	 86.0
1275           	 85.0
1276           	 85.0
1278           	 85.0
1279           	 86.0
1280           	 86.0
1281           	 85.0
1282           	 86.0
1283           	 85.0
1284           	 86.0
1286           	 86.0
1287           	 86.0
1288           	 86.0
1289           	 85.0
1290           	 86.0
1291           	 85.0
1292           	 84.0
1294           	 85.0
1295           	 85.0
1296           	 86.0
1297           	 86.0
1298           	 85.0
1299           	 86.0
1300           	 86.0
1302           	 86.0
1303           	 86.0
1304           	 86.0
1305           	 85.0
1306           	 86.0
1307           	 85.0
1308           	 85.0
1310           	 86.0
1311           	 85.0
1312           	 85.0
1313           	 86.0
1314           	 86.0
1315           	 85.0
1316           	 84.0
1318           	 85.0
1319           	 86.0
1320           	 86.0
1321           	 85.0
1322           	 86.0
1323           	 84.0
1324           	 86.0
1326           	 85.0
1327           	 85.0
1328           	 86.0
1329           	 86.0
1330           	 86.0
1331           	 85.0
1332           	 85.0
1334           	 87.0
1335           	 86.0
1336           	 86.0
1337           	 85.0
1338           	 85.0
1339           	 84.0
1340           	 86.0
1341           	 85.0
1343           	 86.0
1344           	 86.0
1345           	 84.0
1346           	 86.0
1347           	 86.0
1348           	 85.0
1350           	 85.0
1351           	 86.0
1352           	 85.0
1353           	 86.0
1354           	 85.0
1355           	 85.0
1356           	 86.0
1358           	 85.0
1359           	 87.0
1360           	 86.0
1361           	 85.0
1362           	 86.0
1363           	 86.0
1364           	 85.0
1366           	 86.0
1367           	 85.0
1368           	 86.0
1369           	 86.0
1370           	 86.0
1371           	 86.0
1372           	 86.0
1373           	 86.0
1375           	 86.0
1376           	 85.0
1377           	 85.0
1378           	 85.0
1379           	 86.0
1380           	 86.0
1381           	 86.0
1383           	 85.0
1384           	 85.0
1385           	 85.0
1386           	 85.0
1387           	 84.0
1388           	 85.0
1390           	 86.0
1391           	 85.0
1392           	 86.0
1393           	 85.0
1394           	 86.0
1395           	 86.0
1396           	 85.0
1397           	 86.0
1399           	 86.0
1400           	 85.0
1401           	 85.0
1402           	 86.0
1403           	 85.0
1404           	 86.0
1405           	 85.0
1407           	 85.0
1408           	 87.0
1409           	 86.0
1410           	 85.0
1411           	 85.0
1412           	 86.0
1413           	 86.0
1415           	 86.0
1416           	 85.0
1417           	 86.0
1418           	 86.0
1419           	 85.0
1420           	 85.0
1421           	 86.0
1422           	 84.0
1424           	 86.0
1425           	 87.0
1426           	 86.0
1427           	 85.0
1428           	 85.0
1429           	 85.0
1430           	 86.0
1431           	 84.0
1433           	 86.0
1434           	 85.0
1435           	 85.0
1436           	 85.0
1437           	 86.0
1438           	 86.0
1439           	 86.0
1441           	 86.0
1442           	 87.0
1443           	 86.0
1444           	 86.0
1445           	 85.0
1446           	 86.0
1447           	 85.0
1449           	 85.0
1450           	 85.0
1451           	 85.0
1452           	 86.0
1453           	 86.0
1454           	 87.0
1455           	 86.0
1457           	 86.0
1458           	 86.0
1459           	 86.0
1460           	 86.0
1461           	 85.0
1462           	 85.0
1463           	 86.0
1464           	 86.0
1466           	 86.0
1467           	 86.0
1468           	 86.0
1469           	 85.0
1470           	 84.0
1471           	 85.0
1473           	 85.0
1474           	 85.0
1475           	 85.0
1476           	 85.0
1477           	 84.0
1478           	 85.0
1479           	 85.0
1481           	 86.0
1482           	 86.0
1483           	 85.0
1484           	 86.0
1485           	 86.0
1486           	 85.0
1488           	 85.0
1489           	 86.0
1490           	 86.0
1491           	 86.0
1492           	 86.0
1493           	 86.0
1494           	 86.0
1496           	 86.0
1497           	 85.0
1498           	 87.0
1499           	 85.0
1500           	 85.0
1501           	 87.0
1503           	 86.0
1504           	 85.0
1505           	 85.0
1506           	 86.0
1507           	 85.0
1508           	 85.0
1509           	 85.0
1511           	 85.0
1512           	 86.0
1513           	 85.0
1514           	 85.0
1515           	 86.0
1516           	 85.0
1517           	 85.0
1519           	 86.0
1520           	 85.0
1521           	 85.0
1522           	 86.0
1523           	 85.0
1524           	 86.0
1525           	 86.0
1526           	 87.0
1528           	 86.0
1529           	 84.0
1530           	 86.0
1531           	 86.0
1532           	 86.0
1533           	 86.0
1534           	 85.0
1536           	 85.0
1537           	 86.0
1538           	 86.0
1539           	 86.0
1540           	 85.0
1541           	 86.0
1542           	 85.0
1544           	 84.0
1545           	 86.0
1546           	 86.0
1547           	 86.0
1548           	 86.0
1549           	 85.0
1550           	 86.0
1551           	 85.0
1553           	 86.0
1554           	 86.0
1555           	 85.0
1556           	 87.0
1557           	 85.0
1558           	 85.0
1560           	 86.0
1561           	 85.0
1562           	 86.0
1563           	 85.0
1564           	 85.0
1565           	 86.0
1566           	 86.0
1567           	 85.0
1569           	 86.0
1570           	 86.0
1571           	 86.0
1572           	 86.0
1573           	 85.0
1574           	 85.0
1576           	 85.0
1577           	 85.0
1578           	 86.0
1579           	 85.0
1580           	 85.0
1581           	 85.0
1582           	 86.0
1584           	 85.0
1585           	 86.0
1586           	 85.0
1587           	 85.0
1588           	 86.0
1589           	 86.0
1590           	 85.0
1592           	 86.0
1593           	 85.0
1594           	 86.0
1595           	 85.0
1596           	 84.0
1597           	 86.0
1598           	 85.0
1600           	 85.0
1601           	 85.0
1602           	 86.0
1603           	 84.0
1604           	 86.0
1605           	 85.0
1606           	 86.0
1607           	 85.0
1609           	 86.0
1610           	 86.0
1611           	 86.0
1612           	 86.0
1613           	 86.0
1614           	 85.0
1615           	 86.0
1617           	 85.0
1618           	 86.0
1619           	 85.0
1620           	 85.0
1621           	 85.0
1622           	 87.0
1623           	 85.0
1625           	 86.0
1626           	 86.0
1627           	 85.0
1628           	 86.0
1629           	 85.0
1630           	 85.0
1632           	 84.0
1633           	 86.0
1634           	 86.0
1635           	 86.0
1636           	 85.0
1637           	 86.0
1638           	 86.0
1640           	 85.0
1641           	 86.0
1642           	 86.0
1643           	 85.0
1644           	 85.0
1645           	 86.0
1646           	 86.0
1648           	 85.0
1649           	 86.0
1650           	 86.0
1651           	 86.0
1652           	 86.0
1653           	 85.0
1654           	 86.0
1656           	 85.0
1657           	 85.0
1658           	 85.0
1659           	 86.0
1660           	 86.0
1661           	 86.0
1662           	 85.0
1663           	 85.0
1665           	 85.0
1666           	 86.0
1667           	 86.0
1668           	 85.0
1669           	 85.0
1670           	 86.0
1671           	 85.0
1673           	 85.0
1674           	 85.0
1675           	 84.0
1676           	 86.0
1677           	 85.0
1678           	 87.0
1679           	 85.0
1681           	 86.0
1682           	 85.0
1683           	 86.0
1684           	 85.0
1685           	 85.0
1686           	 84.0
1687           	 86.0
1688           	 85.0
1690           	 85.0
1691           	 85.0
1692           	 86.0
1693           	 85.0
1694           	 86.0
1695           	 85.0
1696           	 85.0
1698           	 85.0
1699           	 85.0
1700           	 86.0
1701           	 84.0
1702           	 86.0
1703           	 85.0
1704           	 86.0
1705           	 86.0
1707           	 85.0
1708           	 85.0
1709           	 85.0
1710           	 86.0
1711           	 85.0
1712           	 86.0
1713           	 86.0
1714           	 84.0
1716           	 86.0
1717           	 86.0
1718           	 85.0
1719           	 85.0
1720           	 85.0
1721           	 86.0
1722           	 86.0
1724           	 86.0
1725           	 85.0
1726           	 86.0
1727           	 86.0
1728           	 86.0
1729           	 86.0
1730           	 86.0
1732           	 84.0
1733           	 87.0
1734           	 86.0
1735           	 86.0
1736           	 86.0
1737           	 86.0
1738           	 86.0
1740           	 85.0
1741           	 86.0
1742           	 85.0
1743           	 85.0
1744           	 85.0
1745           	 86.0
1746           	 85.0
1747           	 85.0
1749           	 86.0
1750           	 86.0
1751           	 86.0
1752           	 86.0
1753           	 85.0
1754           	 86.0
1756           	 86.0
1757           	 85.0
1758           	 87.0
1759           	 85.0
1760           	 85.0
1761           	 85.0
1762           	 85.0
1764           	 85.0
1765           	 85.0
1766           	 87.0
1767           	 86.0
1768           	 85.0
1769           	 85.0
1770           	 86.0
1771           	 85.0
1773           	 85.0
1774           	 86.0
1775           	 86.0
1776           	 85.0
1777           	 87.0
1778           	 85.0
1779           	 85.0
1781           	 86.0
1782           	 85.0
1783           	 85.0
1784           	 85.0
1785           	 85.0
1786           	 85.0
1787           	 86.0
1788           	 86.0
1790           	 85.0
1791           	 86.0
1792           	 85.0
1793           	 85.0
1794           	 85.0
1795           	 85.0
1796           	 86.0
1798           	 85.0
1799           	 86.0
1800           	 85.0
1801           	 86.0
1802           	 86.0
1803           	 86.0
1804           	 86.0
1806           	 86.0
1807           	 86.0
1808           	 86.0
1809           	 85.0
1810           	 86.0
1811           	 86.0
1813           	 86.0
1814           	 86.0
1815           	 85.0
1816           	 85.0
1817           	 86.0
1818           	 86.0
1819           	 86.0
1820           	 85.0
1822           	 85.0
1823           	 86.0
1824           	 86.0
1825           	 85.0
1826           	 85.0
1827           	 85.0
1828           	 86.0
1830           	 86.0
1831           	 85.0
1832           	 85.0
1833           	 86.0
1834           	 85.0
1835           	 86.0
1836           	 85.0
1837           	 86.0
1839           	 85.0
1840           	 85.0
1841           	 86.0
1842           	 86.0
1843           	 86.0
1844           	 86.0
1845           	 85.0
1847           	 86.0
1848           	 86.0
1849           	 85.0
1850           	 85.0
1851           	 85.0
1852           	 85.0
1853           	 85.0
1855           	 85.0
1856           	 85.0
1857           	 85.0
1858           	 87.0
1859           	 86.0
1860           	 87.0
1861           	 85.0
1863           	 86.0
1864           	 86.0
1865           	 86.0
1866           	 86.0
1867           	 85.0
1868           	 85.0
1869           	 86.0
1871           	 86.0
1872           	 84.0
1873           	 86.0
1874           	 84.0
1875           	 86.0
1876           	 86.0
1877           	 86.0
1879           	 86.0
1880           	 86.0
1881           	 85.0
1882           	 86.0
1883           	 85.0
1884           	 87.0
1885           	 86.0
1887           	 86.0
1888           	 86.0
1889           	 85.0
1890           	 84.0
1891           	 86.0
1892           	 86.0
1894           	 86.0
1895           	 86.0
1896           	 85.0
1897           	 86.0
1898           	 86.0
1899           	 86.0
1900           	 85.0
1902           	 85.0
1903           	 86.0
1904           	 86.0
1905           	 86.0
1906           	 87.0
1907           	 85.0
1908           	 86.0
1910           	 85.0
1911           	 86.0
1912           	 85.0
1913           	 85.0
1914           	 85.0
1915           	 86.0
1916           	 86.0
1918           	 86.0
1919           	 85.0
1920           	 86.0
1921           	 85.0
1922           	 87.0
1923           	 86.0
1924           	 85.0
1926           	 86.0
1927           	 85.0
1928           	 85.0
1929           	 87.0
1930           	 86.0
1931           	 86.0
1932           	 85.0
1933           	 86.0
1935           	 85.0
1936           	 85.0
1937           	 86.0
1938           	 86.0
1939           	 86.0
1940           	 85.0
1941           	 85.0
1943           	 86.0
1944           	 86.0
1945           	 85.0
1946           	 87.0
1947           	 86.0
1948           	 86.0
1949           	 85.0
1951           	 86.0
1952           	 85.0
1953           	 85.0
1954           	 84.0
1955           	 86.0
1956           	 85.0
1958           	 86.0
1959           	 86.0
1960           	 86.0
1961           	 85.0
1962           	 85.0
1963           	 85.0
1964           	 86.0
1966           	 86.0
1967           	 86.0
1968           	 86.0
1969           	 85.0
1970           	 86.0
1971           	 85.0
1972           	 85.0
1974           	 85.0
1975           	 84.0
1976           	 85.0
1977           	 85.0
1978           	 85.0
1979           	 85.0
1980           	 86.0
1982           	 86.0
1983           	 85.0
1984           	 86.0
1985           	 85.0
1986           	 86.0
1987           	 84.0
1988           	 85.0
1989           	 86.0
1991           	 86.0
1992           	 86.0
1993           	 84.0
1994           	 86.0
1995           	 85.0
1996           	 87.0
1997           	 86.0
1999           	 86.0
2000           	 86.0
2001           	 86.0
2002           	 86.0
2003           	 85.0
2004           	 86.0
2005           	 85.0
2007           	 86.0
2008           	 87.0
2009           	 85.0
2010           	 86.0
2011           	 85.0
2012           	 87.0
2013           	 85.0
2015           	 86.0
2016           	 85.0
2017           	 85.0
2018           	 87.0
2019           	 85.0
2020           	 87.0
2021           	 85.0
2023           	 85.0
2024           	 85.0
2025           	 86.0
2026           	 86.0
2027           	 86.0
2028           	 86.0
2029           	 86.0
2030           	 85.0
2032           	 86.0
2033           	 85.0
2034           	 85.0
2035           	 86.0
2036           	 85.0
2037           	 86.0
2038           	 86.0
2040           	 85.0
2041           	 86.0
2042           	 86.0
2043           	 87.0
2044           	 86.0
2045           	 85.0
2046           	 86.0
2048           	 86.0
2049           	 85.0
2050           	 85.0
2051           	 86.0
2052           	 85.0
2053           	 86.0
2055           	 86.0
2056           	 85.0
2057           	 86.0
2058           	 86.0
2059           	 85.0
2060           	 86.0
2061           	 85.0
2063           	 85.0
2064           	 85.0
2065           	 85.0
2066           	 86.0
2067           	 86.0
2068           	 86.0
2069           	 86.0
2071           	 85.0
2072           	 85.0
2073           	 85.0
2074           	 86.0
2075           	 85.0
2076           	 86.0
2077           	 87.0
2079           	 86.0
2080           	 85.0
2081           	 85.0
2082           	 85.0
2083           	 86.0
2084           	 86.0
2085           	 86.0
2087           	 86.0
2088           	 85.0
2089           	 85.0
2090           	 86.0
2091           	 86.0
2092           	 85.0
2094           	 85.0
2095           	 85.0
2096           	 85.0
2097           	 86.0
2098           	 85.0
2099           	 85.0
2100           	 86.0
2102           	 86.0
2103           	 85.0
2104           	 85.0
2105           	 86.0
2106           	 86.0
2107           	 85.0
2108           	 86.0
2110           	 86.0
2111           	 87.0
2112           	 86.0
2113           	 86.0
2114           	 85.0
2115           	 86.0
2116           	 87.0
2118           	 86.0
2119           	 86.0
2120           	 85.0
2121           	 85.0
2122           	 85.0
2123           	 85.0
2124           	 85.0
2126           	 85.0
2127           	 85.0
2128           	 84.0
2129           	 85.0
2130           	 87.0
2131           	 86.0
2133           	 85.0
2134           	 86.0
2135           	 86.0
2136           	 85.0
2137           	 86.0
2138           	 85.0
2139           	 85.0
2140           	 85.0
2142           	 85.0
2143           	 85.0
2144           	 86.0
2145           	 86.0
2146           	 85.0
2147           	 85.0
2148           	 86.0
2150           	 85.0
2151           	 84.0
2152           	 85.0
2153           	 85.0
2154           	 86.0
2155           	 86.0
2156           	 85.0
2158           	 85.0
2159           	 86.0
2160           	 86.0
2161           	 86.0
2162           	 85.0
2163           	 85.0
2164           	 85.0
2166           	 85.0
2167           	 86.0
2168           	 86.0
2169           	 87.0
2170           	 85.0
2171           	 86.0
2172           	 85.0
2174           	 86.0
2175           	 85.0
2176           	 86.0
2177           	 85.0
2178           	 85.0
2179           	 85.0
2180           	 86.0
2182           	 87.0
2183           	 85.0
2184           	 86.0
2185           	 85.0
2186           	 86.0
2187           	 86.0
2189           	 86.0
2190           	 85.0
2191           	 86.0
2192           	 85.0
2193           	 85.0
2194           	 85.0
2195           	 85.0
2197           	 85.0
2198           	 86.0
2199           	 86.0
2200           	 85.0
2201           	 86.0
2202           	 85.0
2203           	 85.0
2205           	 85.0
2206           	 85.0
2207           	 86.0
2208           	 86.0
2209           	 86.0
2210           	 85.0
2211           	 86.0
2213           	 84.0
2214           	 86.0
2215           	 85.0
2216           	 86.0
2217           	 86.0
2218           	 87.0
2219           	 86.0
2220           	 85.0
2222           	 85.0
2223           	 86.0
2224           	 85.0
2225           	 86.0
2226           	 85.0
2227           	 86.0
2228           	 85.0
2230           	 85.0
2231           	 85.0
2232           	 86.0
2233           	 86.0
2234           	 86.0
2235           	 84.0
2236           	 87.0
2238           	 86.0
2239           	 86.0
2240           	 86.0
2241           	 86.0
2242           	 85.0
2243           	 85.0
2244           	 85.0
2245           	 85.0
2247           	 85.0
2248           	 86.0
2249           	 86.0
2250           	 86.0
2251           	 86.0
2252           	 87.0
2253           	 85.0
2254           	 86.0
2256           	 86.0
2257           	 85.0
2258           	 87.0
2259           	 85.0
2260           	 87.0
2261           	 85.0
2262           	 85.0
2264           	 85.0
2265           	 86.0
2266           	 86.0
2267           	 85.0
2268           	 86.0
2269           	 85.0
2271           	 86.0
2272           	 86.0
2273           	 86.0
2274           	 86.0
2275           	 85.0
2276           	 85.0
2277           	 86.0
2279           	 84.0
2280           	 85.0
2281           	 86.0
2282           	 86.0
2283           	 85.0
2284           	 86.0
2286           	 86.0
2287           	 86.0
2288           	 86.0
2289           	 85.0
2290           	 85.0
2291           	 85.0
2292           	 85.0
2293           	 85.0
2295           	 85.0
2296           	 86.0
2297           	 86.0
2298           	 86.0
2299           	 85.0
2300           	 86.0
2301           	 86.0
2303           	 86.0
2304           	 87.0
2305           	 85.0
2306           	 86.0
2307           	 86.0
2308           	 85.0
2310           	 85.0
2311           	 86.0
2312           	 85.0
2313           	 86.0
2314           	 86.0
2315           	 86.0
2316           	 86.0
2318           	 85.0
2319           	 85.0
2320           	 85.0
2321           	 85.0
2322           	 85.0
2323           	 86.0
2324           	 85.0
2326           	 86.0
2327           	 85.0
2328           	 85.0
2329           	 85.0
2330           	 85.0
2331           	 85.0
2333           	 85.0
2334           	 86.0
2335           	 85.0
2336           	 85.0
2337           	 86.0
2338           	 86.0
2339           	 87.0
2340           	 86.0
2342           	 85.0
2343           	 85.0
2344           	 86.0
2345           	 85.0
2346           	 85.0
2347           	 85.0
2349           	 86.0
2350           	 85.0
2351           	 85.0
2352           	 87.0
2353           	 86.0
2354           	 86.0
2355           	 85.0
2357           	 85.0
2358           	 85.0
2359           	 86.0
2360           	 86.0
2361           	 85.0
2362           	 86.0
2363           	 85.0
2364           	 85.0
2366           	 85.0
2367           	 85.0
2368           	 85.0
2369           	 85.0
2370           	 86.0
2371           	 86.0
2372           	 85.0
2374           	 85.0
2375           	 86.0
2376           	 86.0
2377           	 86.0
2378           	 87.0
2379           	 85.0
2380           	 86.0
2381           	 87.0
2383           	 85.0
2384           	 86.0
2385           	 87.0
2386           	 86.0
2387           	 86.0
2388           	 85.0
2389           	 85.0
2390           	 86.0
2392           	 85.0
2393           	 85.0
2394           	 87.0
2395           	 85.0
2396           	 86.0
2397           	 85.0
2398           	 86.0
2400           	 85.0
2401           	 85.0
2402           	 86.0
2403           	 86.0
2404           	 85.0
2405           	 86.0
2407           	 85.0
2408           	 85.0
2409           	 85.0
2410           	 86.0
2411           	 85.0
2412           	 85.0
2413           	 86.0
2415           	 86.0
2416           	 86.0
2417           	 86.0
2418           	 85.0
2419           	 86.0
2420           	 85.0
2422           	 85.0
2423           	 86.0
2424           	 86.0
2425           	 85.0
2426           	 86.0
2427           	 87.0
2428           	 86.0
2430           	 85.0
2431           	 86.0
2432           	 86.0
2433           	 85.0
2434           	 85.0
2435           	 86.0
2436           	 85.0
2438           	 87.0
2439           	 85.0
2440           	 85.0
2441           	 86.0
2442           	 86.0
2443           	 85.0
2444           	 86.0
2446           	 85.0
2447           	 86.0
2448           	 85.0
2449           	 84.0
2450           	 86.0
2451           	 85.0
2452           	 86.0
2453           	 86.0
2455           	 85.0
2456           	 84.0
2457           	 86.0
2458           	 86.0
2459           	 85.0
2460           	 85.0
2461           	 86.0
2463           	 85.0
2464           	 84.0
2465           	 86.0
2466           	 84.0
2467           	 85.0
2468           	 85.0
2469           	 85.0
2471           	 85.0
2472           	 86.0
2473           	 85.0
2474           	 85.0
2475           	 85.0
2476           	 86.0
2477           	 85.0
2479           	 85.0
2480           	 85.0
2481           	 86.0
2482           	 85.0
2483           	 86.0
2484           	 86.0
2485           	 85.0
2487           	 85.0
2488           	 85.0
2489           	 86.0
2490           	 85.0
2491           	 86.0
2492           	 87.0
2494           	 86.0
2495           	 85.0
2496           	 86.0
2497           	 85.0
2498           	 86.0
2499           	 86.0
2501           	 85.0
2502           	 85.0
2503           	 86.0
2504           	 86.0
2505           	 85.0
2506           	 86.0
2507           	 84.0
2509           	 85.0
2510           	 86.0
2511           	 85.0
2512           	 86.0
2513           	 85.0
2514           	 85.0
2516           	 86.0
2517           	 85.0
2518           	 86.0
2519           	 87.0
2520           	 85.0
2521           	 85.0
2522           	 85.0
2523           	 86.0
2525           	 86.0
2526           	 85.0
2527           	 85.0
2528           	 86.0
2529           	 85.0
2530           	 85.0
2531           	 85.0
2533           	 86.0
2534           	 86.0
2535           	 86.0
2536           	 86.0
2537           	 85.0
2538           	 85.0
2539           	 86.0
2541           	 85.0
2542           	 85.0
2543           	 86.0
2544           	 85.0
2545           	 85.0
2546           	 86.0
2548           	 86.0
2549           	 85.0
2550           	 86.0
2551           	 85.0
2552           	 86.0
2553           	 86.0
2555           	 86.0
2556           	 86.0
2557           	 86.0
2558           	 86.0
2559           	 85.0
2560           	 86.0
2561           	 85.0
2563           	 86.0
2564           	 86.0
2565           	 85.0
2566           	 87.0
2567           	 86.0
2568           	 85.0
2569           	 86.0
2571           	 85.0
2572           	 86.0
2573           	 86.0
2574           	 86.0
2575           	 86.0
2576           	 86.0
2577           	 85.0
2579           	 86.0
2580           	 85.0
2581           	 85.0
2582           	 86.0
2583           	 86.0
2584           	 85.0
2585           	 85.0
2586           	 85.0
2588           	 85.0
2589           	 86.0
2590           	 86.0
2591           	 86.0
2592           	 86.0
2593           	 85.0
2594           	 86.0
2596           	 85.0
2597           	 86.0
2598           	 86.0
2599           	 86.0
2600           	 85.0
2601           	 85.0
2602           	 85.0
2604           	 86.0
2605           	 86.0
2606           	 86.0
2607           	 86.0
2608           	 85.0
2609           	 86.0
2611           	 87.0
2612           	 85.0
2613           	 85.0
2614           	 86.0
2615           	 86.0
2616           	 85.0
2617           	 86.0
2619           	 85.0
2620           	 86.0
2621           	 86.0
2622           	 86.0
2623           	 86.0
2624           	 85.0
2625           	 85.0
2627           	 86.0
2628           	 87.0
2629           	 86.0
2630           	 85.0
2631           	 85.0
2632           	 87.0
2633           	 86.0
2635           	 85.0
2636           	 86.0
2637           	 86.0
2638           	 85.0
2639           	 85.0
2640           	 86.0
2642           	 86.0
2643           	 85.0
2644           	 85.0
2645           	 86.0
2646           	 86.0
2647           	 86.0
2648           	 86.0
2650           	 85.0
2651           	 86.0
2652           	 86.0
2653           	 86.0
2654           	 85.0
2655           	 86.0
2656           	 85.0
2658           	 85.0
2659           	 85.0
2660           	 87.0
2661           	 86.0
2662           	 85.0
2663           	 85.0
2664           	 85.0
2665           	 86.0
2667           	 87.0
2668           	 86.0
2669           	 85.0
2670           	 86.0
2671           	 86.0
2672           	 87.0
2673           	 85.0
2675           	 86.0
2676           	 86.0
2677           	 86.0
2678           	 86.0
2679           	 85.0
2680           	 86.0
2682           	 85.0
2683           	 86.0
2684           	 85.0
2685           	 85.0
2686           	 86.0
2687           	 85.0
2689           	 86.0
2690           	 85.0
2691           	 85.0
2692           	 85.0
2693           	 85.0
2694           	 85.0
2695           	 85.0
2697           	 85.0
2698           	 85.0
2699           	 85.0
2700           	 85.0
2701           	 86.0
2702           	 86.0
2703           	 86.0
2705           	 85.0
2706           	 85.0
2707           	 86.0
2708           	 85.0
2709           	 84.0
2710           	 86.0
2711           	 86.0
2713           	 86.0
2714           	 85.0
2715           	 85.0
2716           	 86.0
2717           	 86.0
2718           	 87.0
2719           	 85.0
2721           	 85.0
2722           	 86.0
2723           	 86.0
2724           	 86.0
2725           	 86.0
2726           	 85.0
2727           	 87.0
2729           	 86.0
2730           	 86.0
2731           	 85.0
2732           	 86.0
2733           	 85.0
2734           	 86.0
2735           	 85.0
2737           	 86.0
2738           	 85.0
2739           	 86.0
2740           	 86.0
2741           	 86.0
2742           	 85.0
2743           	 85.0
2745           	 87.0
2746           	 86.0
2747           	 85.0
2748           	 85.0
2749           	 86.0
2750           	 86.0
2751           	 85.0
2753           	 85.0
2754           	 86.0
2755           	 86.0
2756           	 86.0
2757           	 86.0
2758           	 86.0
2759           	 85.0
2761           	 85.0
2762           	 85.0
2763           	 85.0
2764           	 85.0
2765           	 86.0
2766           	 86.0
2768           	 86.0
2769           	 86.0
2770           	 85.0
2771           	 85.0
2772           	 86.0
2773           	 85.0
2774           	 86.0
2776           	 85.0
2777           	 86.0
2778           	 85.0
2779           	 85.0
2780           	 85.0
2781           	 85.0
2782           	 85.0
2784           	 86.0
2785           	 86.0
2786           	 85.0
2787           	 85.0
2788           	 86.0
2789           	 85.0
2790           	 86.0
2792           	 86.0
2793           	 85.0
2794           	 85.0
2795           	 85.0
2796           	 85.0
2797           	 86.0
2799           	 85.0
2800           	 86.0
2801           	 86.0
2802           	 85.0
2803           	 86.0
2804           	 85.0
2805           	 85.0
2807           	 85.0
2808           	 85.0
2809           	 85.0
2810           	 85.0
2811           	 86.0
2812           	 86.0
2813           	 87.0
2815           	 85.0
2816           	 85.0
2817           	 86.0
2818           	 86.0
2819           	 86.0
2820           	 86.0
2821           	 86.0
2823           	 85.0
2824           	 86.0
2825           	 86.0
2826           	 85.0
2827           	 86.0
2828           	 86.0
2829           	 87.0
2831           	 86.0
2832           	 86.0
2833           	 86.0
2834           	 85.0
2835           	 86.0
2836           	 86.0
2837           	 86.0
2839           	 85.0
2840           	 85.0
2841           	 85.0
2842           	 86.0
2843           	 85.0
2844           	 86.0
2845           	 85.0
2847           	 86.0
2848           	 85.0
2849           	 86.0
2850           	 86.0
2851           	 85.0
2852           	 86.0
2854           	 86.0
2855           	 84.0
2856           	 87.0
2857           	 85.0
2858           	 86.0
2859           	 86.0
2861           	 86.0
2862           	 85.0
2863           	 87.0
2864           	 86.0
2865           	 85.0
2866           	 86.0
2867           	 87.0
2869           	 85.0
2870           	 87.0
2871           	 84.0
2872           	 86.0
2873           	 86.0
2875           	 85.0
2876           	 85.0
2877           	 87.0
2878           	 85.0
2879           	 86.0
2880           	 85.0
2881           	 86.0
2882           	 84.0
2885           	 84.0
2886           	 86.0
2887           	 86.0
2888           	 85.0
2890           	 86.0
2891           	 85.0
2892           	 85.0
2893           	 85.0
2894           	 86.0
2895           	 85.0
2896           	 86.0
2897           	 86.0
2899           	 86.0
2900           	 85.0
2901           	 86.0
2902           	 86.0
2903           	 86.0
2904           	 84.0
2905           	 84.0
2907           	 85.0
2908           	 85.0
2909           	 86.0
2910           	 85.0
2911           	 86.0
2912           	 85.0
2913           	 86.0
2915           	 86.0
2916           	 85.0
2917           	 85.0
2918           	 85.0
2919           	 86.0
2920           	 85.0
2921           	 86.0
2922           	 85.0
2924           	 85.0
2925           	 85.0
2926           	 86.0
2927           	 86.0
2928           	 85.0
2929           	 86.0
2931           	 86.0
2932           	 86.0
2933           	 85.0
2934           	 85.0
2935           	 86.0
2936           	 85.0
2937           	 86.0
2939           	 86.0
2940           	 85.0
2941           	 86.0
2942           	 85.0
2943           	 85.0
2944           	 86.0
2945           	 86.0
2947           	 86.0
2948           	 85.0
2949           	 86.0
2950           	 85.0
2951           	 85.0
2952           	 84.0
2953           	 84.0
2955           	 85.0
2956           	 85.0
2957           	 85.0
2958           	 85.0
2959           	 86.0
2960           	 85.0
2961           	 86.0
2963           	 85.0
2964           	 85.0
2965           	 86.0
2966           	 85.0
2967           	 86.0
2968           	 84.0
2970           	 86.0
2971           	 86.0
2972           	 86.0
2973           	 85.0
2974           	 86.0
2975           	 85.0
2976           	 86.0
2978           	 85.0
2979           	 86.0
2980           	 86.0
2981           	 85.0
2982           	 85.0
2983           	 85.0
2984           	 85.0
2986           	 86.0
2987           	 84.0
2988           	 86.0
2989           	 86.0
2990           	 86.0
2991           	 85.0
2992           	 86.0
2994           	 86.0
2995           	 86.0
2996           	 85.0
2997           	 85.0
2998           	 85.0
2999           	 85.0
3001           	 86.0
3002           	 85.0
3003           	 85.0
3004           	 85.0
3005           	 85.0
3006           	 86.0
3007           	 86.0
3008           	 85.0
3010           	 86.0
3011           	 85.0
3012           	 86.0
3013           	 86.0
3014           	 85.0
3015           	 86.0
3017           	 85.0
3018           	 85.0
3019           	 85.0
3020           	 86.0
3021           	 84.0
3022           	 86.0
3023           	 85.0
3024           	 86.0
3026           	 86.0
3027           	 85.0
3028           	 85.0
3029           	 86.0
3030           	 85.0
3031           	 85.0
3032           	 85.0
3034           	 85.0
3035           	 86.0
3036           	 85.0
3037           	 85.0
3038           	 85.0
3039           	 86.0
3040           	 85.0
3042           	 85.0
3043           	 84.0
3044           	 85.0
3045           	 85.0
3046           	 85.0
3047           	 86.0
3048           	 86.0
3050           	 87.0
3051           	 86.0
3052           	 86.0
3053           	 86.0
3054           	 86.0
3055           	 86.0
3056           	 86.0
3058           	 85.0
3059           	 86.0
3060           	 86.0
3061           	 85.0
3062           	 86.0
3063           	 86.0
3064           	 86.0
3066           	 86.0
3067           	 85.0
3068           	 85.0
3069           	 86.0
3070           	 85.0
3071           	 85.0
3072           	 86.0
3074           	 85.0
3075           	 85.0
3076           	 85.0
3077           	 86.0
3078           	 85.0
3079           	 87.0
3081           	 86.0
3082           	 86.0
3083           	 85.0
3084           	 86.0
3085           	 86.0
3086           	 85.0
3087           	 85.0
3088           	 86.0
3090           	 87.0
3091           	 86.0
3092           	 85.0
3093           	 85.0
3094           	 85.0
3095           	 86.0
3096           	 86.0
3098           	 85.0
3099           	 85.0
3100           	 85.0
3101           	 85.0
3102           	 86.0
3103           	 86.0
3104           	 85.0
3106           	 85.0
3107           	 85.0
3108           	 85.0
3109           	 86.0
3110           	 86.0
3111           	 86.0
3112           	 86.0
3113           	 86.0
3115           	 85.0
3116           	 85.0
3117           	 86.0
3118           	 85.0
3119           	 86.0
3120           	 86.0
3121           	 86.0
3123           	 86.0
3124           	 85.0
3125           	 86.0
3126           	 85.0
3127           	 85.0
3128           	 86.0
3130           	 85.0
3131           	 85.0
3132           	 85.0
3133           	 84.0
3134           	 86.0
3135           	 86.0
3137           	 86.0
3138           	 86.0
3139           	 86.0
3140           	 86.0
3141           	 85.0
3142           	 85.0
3143           	 86.0
3145           	 85.0
3146           	 86.0
3147           	 86.0
3148           	 86.0
3149           	 86.0
3150           	 86.0
3151           	 85.0
3152           	 85.0
3154           	 86.0
3155           	 85.0
3156           	 85.0
3157           	 87.0
3158           	 84.0
3159           	 86.0
3160           	 86.0
3162           	 86.0
3163           	 85.0
3164           	 85.0
3165           	 87.0
3166           	 85.0
3167           	 86.0
3169           	 85.0
3170           	 87.0
3171           	 87.0
3172           	 85.0
3173           	 85.0
3174           	 86.0
3175           	 86.0
3176           	 86.0
3178           	 86.0
3179           	 86.0
3180           	 85.0
3181           	 86.0
3182           	 87.0
3183           	 85.0
3184           	 85.0
3186           	 86.0
3187           	 86.0
3188           	 86.0
3189           	 85.0
3190           	 86.0
3191           	 86.0
3192           	 85.0
3194           	 85.0
3195           	 86.0
3196           	 86.0
3197           	 86.0
3198           	 86.0
3199           	 86.0
3201           	 86.0
3202           	 86.0
3203           	 86.0
3204           	 86.0
3205           	 85.0
3207           	 86.0
3208           	 85.0
3209           	 86.0
3210           	 85.0
3211           	 86.0
3212           	 86.0
3213           	 85.0
3215           	 86.0
3216           	 86.0
3217           	 85.0
3218           	 86.0
3219           	 86.0
3220           	 86.0
3221           	 85.0
3223           	 86.0
3224           	 86.0
3225           	 86.0
3226           	 86.0
3227           	 86.0
3228           	 86.0
3229           	 85.0
3231           	 86.0
3232           	 85.0
3233           	 85.0
3234           	 86.0
3235           	 85.0
3236           	 85.0
3237           	 86.0
3238           	 85.0
3240           	 84.0
3241           	 85.0
3242           	 86.0
3243           	 85.0
3244           	 85.0
3245           	 85.0
3246           	 86.0
3248           	 86.0
3249           	 86.0
3250           	 86.0
3251           	 86.0
3252           	 85.0
3253           	 85.0
3254           	 86.0
3256           	 86.0
3257           	 86.0
3258           	 85.0
3259           	 85.0
3260           	 85.0
3261           	 86.0
3262           	 85.0
3263           	 86.0
3265           	 86.0
3266           	 85.0
3267           	 86.0
3268           	 85.0
3269           	 85.0
3270           	 86.0
3271           	 86.0
3273           	 86.0
3274           	 86.0
3275           	 86.0
3276           	 85.0
3277           	 86.0
3278           	 86.0
3279           	 85.0
3281           	 85.0
3282           	 86.0
3283           	 86.0
3284           	 86.0
3285           	 85.0
3286           	 85.0
3288           	 86.0
3289           	 85.0
3290           	 85.0
3291           	 85.0
3292           	 86.0
3293           	 86.0
3294           	 85.0
3295           	 86.0
3297           	 86.0
3298           	 86.0
3299           	 86.0
3300           	 84.0
3301           	 85.0
3302           	 86.0
3303           	 84.0
3305           	 86.0
3306           	 86.0
3307           	 84.0
3308           	 86.0
3309           	 85.0
3310           	 86.0
3311           	 86.0
3313           	 86.0
3314           	 85.0
3315           	 86.0
3316           	 86.0
3317           	 86.0
3318           	 86.0
3319           	 85.0
3320           	 86.0
3322           	 86.0
3323           	 86.0
3324           	 86.0
3325           	 86.0
3326           	 85.0
3327           	 86.0
3328           	 86.0
3330           	 86.0
3331           	 86.0
3332           	 85.0
3333           	 85.0
3334           	 85.0
3335           	 85.0
3337           	 85.0
3338           	 85.0
3339           	 86.0
3340           	 86.0
3341           	 85.0
3342           	 85.0
3343           	 86.0
3344           	 85.0
3346           	 86.0
3347           	 85.0
3348           	 86.0
3349           	 85.0
3350           	 86.0
3351           	 86.0
3352           	 85.0
3353           	 85.0
3355           	 85.0
3356           	 86.0
3357           	 85.0
3358           	 86.0
3359           	 86.0
3360           	 86.0
3362           	 85.0
3363           	 86.0
3364           	 86.0
3365           	 85.0
3366           	 86.0
3367           	 86.0
3368           	 85.0
3370           	 85.0
3371           	 85.0
3372           	 85.0
3373           	 86.0
3374           	 86.0
3375           	 86.0
3377           	 85.0
3378           	 85.0
3379           	 86.0
3380           	 86.0
3381           	 86.0
3382           	 86.0
3383           	 86.0
3385           	 86.0
3386           	 85.0
3387           	 85.0
3388           	 85.0
3389           	 85.0
3390           	 86.0
3391           	 85.0
3393           	 87.0
3394           	 86.0
3395           	 85.0
3396           	 86.0
3397           	 85.0
3398           	 85.0
3399           	 85.0
3401           	 85.0
3402           	 86.0
3403           	 86.0
3404           	 85.0
3405           	 85.0
3406           	 86.0
3408           	 85.0
3409           	 86.0
3410           	 86.0
3411           	 87.0
3412           	 86.0
3413           	 86.0
3414           	 86.0
3415           	 85.0
3417           	 86.0
3418           	 85.0
3419           	 85.0
3420           	 85.0
3421           	 85.0
3422           	 85.0
3423           	 86.0
3425           	 86.0
3426           	 86.0
3427           	 85.0
3428           	 85.0
3429           	 85.0
3430           	 85.0
3431           	 86.0
3432           	 86.0
3434           	 85.0
3435           	 85.0
3436           	 86.0
3437           	 85.0
3438           	 86.0
3439           	 86.0
3440           	 86.0
3442           	 85.0
3443           	 86.0
3444           	 85.0
3445           	 86.0
3446           	 85.0
3447           	 85.0
3448           	 85.0
3450           	 85.0
3451           	 85.0
3452           	 86.0
3453           	 85.0
3454           	 87.0
3455           	 85.0
3456           	 85.0
3457           	 85.0
3459           	 85.0
3460           	 86.0
3461           	 85.0
3462           	 85.0
3463           	 86.0
3464           	 85.0
3465           	 85.0
3467           	 86.0
3468           	 86.0
3469           	 86.0
3470           	 85.0
3471           	 85.0
3472           	 85.0
3473           	 85.0
3475           	 86.0
3476           	 85.0
3477           	 86.0
3478           	 86.0
3479           	 86.0
3480           	 85.0
3481           	 85.0
3483           	 86.0
3484           	 85.0
3485           	 86.0
3486           	 86.0
3487           	 86.0
3488           	 85.0
3489           	 85.0
3491           	 85.0
3492           	 86.0
3493           	 86.0
3494           	 87.0
3495           	 86.0
3496           	 86.0
3497           	 85.0
3499           	 86.0
3500           	 86.0
3501           	 86.0
3502           	 85.0
3503           	 85.0
3504           	 85.0
3505           	 85.0
3507           	 85.0
3508           	 85.0
3509           	 85.0
3510           	 85.0
3511           	 85.0
3512           	 86.0
3513           	 86.0
3515           	 85.0
3516           	 86.0
3517           	 85.0
3518           	 86.0
3519           	 84.0
3520           	 86.0
3522           	 86.0
3523           	 85.0
3524           	 85.0
3525           	 85.0
3526           	 85.0
3527           	 86.0
3528           	 85.0
3529           	 86.0
3531           	 85.0
3532           	 85.0
3533           	 84.0
3534           	 85.0
3535           	 85.0
3536           	 85.0
3537           	 86.0
3539           	 86.0
3540           	 85.0
3541           	 86.0
3542           	 85.0
3543           	 86.0
3544           	 86.0
3545           	 86.0
3547           	 85.0
3548           	 85.0
3549           	 86.0
3550           	 87.0
3551           	 86.0
3552           	 87.0
3553           	 87.0
3555           	 87.0
3556           	 86.0
3557           	 86.0
3558           	 86.0
3559           	 85.0
3560           	 86.0
3561           	 86.0
3563           	 85.0
3564           	 86.0
3565           	 86.0
3566           	 86.0
3567           	 86.0
3568           	 85.0
3569           	 85.0
3571           	 85.0
3572           	 87.0
3573           	 86.0
3574           	 85.0
3575           	 86.0
3576           	 85.0
3577           	 85.0
3579           	 85.0
3580           	 86.0
3581           	 85.0
3582           	 85.0
3583           	 86.0
3584           	 86.0
3585           	 86.0
3587           	 86.0
3588           	 86.0
3589           	 86.0
3590           	 85.0
3591           	 86.0
3592           	 86.0
3593           	 85.0
3595           	 87.0
3596           	 84.0
3597           	 85.0
3598           	 86.0
3599           	 84.0
3600           	 86.0
3601           	 86.0
3603           	 85.0
3604           	 86.0
3605           	 86.0
3606           	 85.0
3607           	 85.0
3608           	 85.0
3609           	 86.0
3611           	 85.0
3612           	 86.0
3613           	 86.0
3614           	 85.0
3615           	 86.0
3616           	 86.0
3617           	 86.0
3619           	 84.0
3620           	 85.0
3621           	 86.0
3622           	 86.0
3623           	 86.0
3624           	 85.0
3625           	 85.0
3627           	 85.0
3628           	 85.0
3629           	 86.0
3630           	 86.0
3631           	 86.0
3632           	 86.0
3633           	 85.0
3635           	 85.0
3636           	 84.0
3637           	 85.0
3638           	 86.0
3639           	 85.0
3640           	 85.0
3642           	 85.0
3643           	 85.0
3644           	 85.0
3645           	 87.0
3646           	 86.0
3647           	 86.0
3648           	 86.0
3650           	 86.0
3651           	 85.0
3652           	 85.0
3653           	 86.0
3654           	 85.0
3655           	 85.0
3656           	 84.0
3658           	 85.0
3659           	 86.0
3660           	 86.0
3661           	 86.0
3662           	 86.0
3663           	 85.0
3664           	 86.0
3666           	 86.0
3667           	 85.0
3668           	 86.0
3669           	 86.0
3670           	 86.0
3671           	 85.0
3673           	 86.0
3674           	 85.0
3675           	 86.0
3676           	 86.0
3677           	 85.0
3678           	 84.0
3679           	 85.0
3680           	 86.0
3682           	 86.0
3683           	 86.0
3684           	 86.0
3685           	 86.0
3686           	 86.0
3687           	 85.0
3688           	 86.0
3690           	 85.0
3691           	 85.0
3692           	 85.0
3693           	 85.0
3694           	 86.0
3695           	 87.0
3696           	 85.0
3698           	 86.0
3699           	 86.0
3700           	 86.0
3701           	 86.0
3702           	 85.0
3703           	 85.0
3704           	 85.0
3706           	 85.0
3707           	 85.0
3708           	 86.0
3709           	 86.0
3710           	 85.0
3711           	 86.0
3713           	 86.0
3714           	 85.0
3715           	 86.0
3716           	 85.0
3717           	 86.0
3718           	 86.0
3719           	 86.0
3721           	 85.0
3722           	 86.0
3723           	 85.0
3724           	 86.0
3725           	 85.0
3726           	 85.0
3727           	 85.0
3728           	 86.0
3730           	 84.0
3731           	 86.0
3732           	 85.0
3733           	 86.0
3734           	 85.0
3735           	 86.0
3736           	 85.0
3737           	 86.0
3739           	 85.0
3740           	 86.0
3741           	 85.0
3742           	 86.0
3743           	 86.0
3744           	 86.0
3745           	 85.0
3747           	 85.0
3748           	 86.0
3749           	 85.0
3750           	 86.0
3751           	 87.0
3752           	 87.0
3753           	 86.0
3755           	 85.0
3756           	 86.0
3757           	 85.0
3758           	 85.0
3759           	 86.0
3760           	 85.0
3761           	 86.0
3763           	 85.0
3764           	 85.0
3765           	 86.0
3766           	 85.0
3767           	 85.0
3768           	 85.0
3769           	 86.0
3771           	 84.0
3772           	 85.0
3773           	 86.0
3774           	 86.0
3775           	 85.0
3776           	 85.0
3777           	 86.0
3778           	 85.0
3780           	 85.0
3781           	 85.0
3782           	 85.0
3783           	 87.0
3784           	 86.0
3785           	 86.0
3786           	 86.0
3788           	 85.0
3789           	 85.0
3790           	 86.0
3791           	 85.0
3792           	 85.0
3793           	 86.0
3794           	 86.0
3796           	 85.0
3797           	 86.0
3798           	 86.0
3799           	 86.0
3800           	 86.0
3801           	 85.0
3802           	 86.0
3804           	 85.0
3805           	 86.0
3806           	 86.0
3807           	 86.0
3808           	 86.0
3809           	 86.0
3810           	 86.0
3812           	 86.0
3813           	 85.0
3814           	 85.0
3815           	 85.0
3816           	 85.0
3817           	 85.0
3818           	 85.0
3820           	 84.0
3821           	 85.0
3822           	 85.0
3823           	 85.0
3824           	 86.0
3825           	 86.0
3826           	 85.0
3827           	 85.0
3829           	 85.0
3830           	 86.0
3831           	 85.0
3832           	 84.0
3833           	 85.0
3834           	 85.0
3835           	 85.0
3836           	 85.0
3838           	 85.0
3839           	 85.0
3840           	 85.0
3841           	 85.0
3842           	 85.0
3843           	 85.0
3844           	 84.0
3846           	 85.0
3847           	 84.0
3848           	 85.0
3849           	 85.0
3850           	 83.0
3851           	 84.0
3852           	 83.0
3854           	 84.0
3855           	 83.0
3856           	 83.0
3857           	 84.0
3858           	 84.0
3859           	 83.0
3860           	 84.0
3861           	 84.0
3863           	 83.0
3864           	 83.0
3865           	 83.0
3866           	 83.0
3867           	 83.0
3868           	 82.0
3869           	 82.0
3870           	 82.0
3872           	 83.0
3873           	 83.0
3874           	 84.0
3875           	 83.0
3876           	 83.0
3877           	 83.0
3878           	 83.0
3880           	 83.0
3881           	 83.0
3882           	 83.0
3883           	 83.0
3884           	 82.0
3885           	 83.0
3886           	 83.0
3887           	 82.0
3889           	 82.0
3890           	 82.0
3891           	 81.0
3892           	 82.0
3893           	 82.0
3894           	 83.0
3895           	 83.0
3896           	 82.0
3898           	 81.0
3899           	 82.0
3900           	 82.0
3901           	 82.0
3902           	 83.0
3903           	 81.0
3904           	 82.0
3905           	 81.0
3907           	 80.0
3908           	 80.0
3909           	 81.0
3910           	 81.0
3911           	 81.0
3912           	 80.0
3913           	 81.0
3914           	 81.0
3915           	 81.0
3917           	 80.0
3918           	 81.0
3919           	 80.0
3920           	 81.0
3921           	 79.0
3922           	 80.0
3923           	 80.0
3924           	 80.0
3925           	 80.0
3927           	 80.0
3928           	 80.0
3929           	 80.0
3930           	 79.0
3931           	 79.0
3932           	 79.0
3933           	 79.0
3934           	 79.0
3935           	 79.0
3936           	 79.0
3938           	 80.0
3939           	 80.0
3940           	 79.0
3941           	 80.0
3942           	 78.0
3943           	 79.0
3944           	 78.0
3945           	 78.0
3946           	 78.0
3947           	 78.0
3949           	 78.0
3950           	 78.0
3951           	 79.0
3952           	 78.0
3953           	 78.0
3954           	 78.0
3955           	 78.0
3956           	 78.0
3958           	 78.0
3959           	 78.0
3960           	 77.0
3961           	 78.0
3962           	 78.0
3963           	 78.0
3964           	 77.0
3965           	 77.0
3966           	 78.0
3967           	 77.0
3969           	 77.0
3970           	 77.0
3971           	 77.0
3972           	 79.0
3973           	 77.0
3974           	 77.0
3975           	 77.0
3976           	 77.0
3978           	 78.0
3979           	 77.0
3980           	 77.0
3981           	 77.0
3982           	 77.0
3983           	 77.0
3984           	 77.0
3985           	 77.0
3986           	 77.0
3988           	 76.0
3989           	 77.0
3990           	 77.0
3991           	 76.0
3992           	 77.0
3993           	 76.0
3994           	 76.0
3995           	 76.0
3996           	 77.0
3998           	 75.0
3999           	 76.0
4000           	 77.0
4001           	 76.0
4002           	 76.0
4003           	 76.0
4004           	 76.0
4005           	 76.0
4007           	 76.0
4008           	 75.0
4009           	 76.0
4010           	 75.0
4011           	 74.0
4012           	 75.0
4013           	 76.0
4014           	 75.0
4016           	 74.0
4017           	 74.0
4018           	 75.0
4019           	 74.0
4020           	 75.0
4021           	 74.0
4022           	 75.0
4023           	 75.0
4024           	 74.0
4026           	 75.0
4027           	 75.0
4028           	 76.0
4029           	 75.0
4030           	 74.0
4031           	 75.0
4032           	 74.0
4033           	 74.0
4034           	 74.0
4036           	 73.0
4037           	 75.0
4038           	 74.0
4039           	 74.0
4040           	 74.0
4041           	 74.0
4042           	 74.0
4043           	 75.0
4044           	 74.0
4046           	 74.0
4047           	 74.0
4048           	 74.0
4049           	 74.0
4050           	 74.0
4051           	 74.0
4052           	 75.0
4053           	 74.0
4054           	 74.0
4055           	 74.0
4057           	 73.0
4058           	 74.0
4059           	 73.0
4060           	 73.0
4061           	 73.0
4062           	 74.0
4063           	 74.0
4064           	 74.0
4066           	 73.0
4067           	 74.0
4068           	 74.0
4069           	 74.0
4070           	 74.0
4071           	 74.0
4072           	 73.0
4073           	 73.0
4074           	 73.0
4076           	 73.0
4077           	 73.0
4078           	 74.0
4079           	 74.0
4080           	 73.0
4081           	 73.0
4082           	 74.0
4083           	 73.0
4084           	 74.0
4086           	 73.0
4087           	 73.0
4088           	 73.0
4089           	 73.0
4090           	 73.0
4091           	 73.0
4092           	 73.0
4093           	 72.0
4094           	 73.0
4096           	 73.0
4097           	 73.0
4098           	 73.0
4099           	 73.0
4100           	 73.0
4101           	 72.0
4102           	 73.0
4103           	 73.0
4104           	 73.0
4105           	 73.0
4107           	 73.0
4108           	 73.0
4109           	 73.0
4110           	 73.0
4111           	 73.0
4112           	 73.0
4113           	 73.0
4114           	 72.0
4115           	 73.0
4116           	 73.0
4118           	 72.0
4119           	 72.0
4120           	 73.0
4121           	 73.0
4122           	 73.0
4123           	 73.0
4124           	 73.0
4125           	 73.0
4126           	 73.0
4128           	 73.0
4129           	 73.0
4130           	 73.0
4131           	 73.0
4132           	 73.0
4133           	 73.0
4134           	 73.0
4135           	 73.0
4136           	 73.0
4138           	 73.0
4139           	 73.0
4140           	 72.0
4141           	 73.0
4142           	 72.0
4143           	 72.0
4144           	 73.0
4146           	 73.0
4147           	 71.0
4148           	 73.0
4149           	 73.0
4150           	 72.0
4151           	 73.0
4152           	 72.0
4153           	 72.0
4154           	 72.0
4156           	 72.0
4157           	 73.0
4158           	 72.0
4159           	 73.0
4160           	 72.0
4161           	 72.0
4162           	 73.0
4163           	 72.0
4165           	 72.0
4166           	 72.0
4167           	 73.0
4168           	 72.0
4169           	 72.0
4170           	 73.0
4171           	 73.0
4172           	 73.0
4173           	 72.0
4175           	 72.0
4176           	 72.0
4177           	 72.0
4178           	 72.0
4179           	 72.0
4180           	 71.0
4181           	 72.0
4182           	 72.0
4183           	 72.0
4185           	 72.0
4186           	 71.0
4187           	 72.0
4188           	 72.0
4189           	 72.0
4190           	 71.0
4191           	 72.0
4192           	 73.0
4193           	 71.0
4195           	 72.0
4196           	 73.0
4197           	 71.0
4198           	 72.0
4199           	 71.0
4200           	 71.0
4201           	 71.0
4202           	 71.0
4203           	 70.0
4205           	 72.0
4206           	 71.0
4207           	 73.0
4208           	 70.0
4209           	 71.0
4210           	 71.0
4211           	 72.0
4212           	 71.0
4213           	 70.0
4215           	 72.0
4216           	 70.0
4217           	 71.0
4218           	 71.0
4219           	 71.0
4220           	 70.0
4221           	 71.0
4222           	 72.0
4223           	 72.0
4225           	 72.0
4226           	 72.0
4227           	 71.0
4228           	 71.0
4229           	 71.0
4230           	 72.0
4231           	 71.0
4232           	 71.0
4233           	 71.0
4234           	 72.0
4236           	 71.0
4237           	 71.0
4238           	 71.0
4239           	 72.0
4240           	 71.0
4241           	 72.0
4242           	 72.0
4243           	 72.0
4244           	 71.0
4246           	 72.0
4247           	 71.0
4248           	 72.0
4249           	 71.0
4250           	 71.0
4251           	 71.0
4252           	 73.0
4253           	 72.0
4254           	 71.0
4255           	 72.0
4257           	 70.0
4258           	 72.0
4259           	 71.0
4260           	 71.0
4261           	 72.0
4262           	 71.0
4263           	 71.0
4264           	 70.0
4266           	 72.0
4267           	 70.0
4268           	 71.0
4269           	 71.0
4270           	 71.0
4271           	 71.0
4272           	 70.0
4273           	 72.0
4274           	 71.0
4276           	 70.0
4277           	 70.0
4278           	 71.0
4279           	 70.0
4280           	 70.0
4281           	 70.0
4282           	 71.0
4283           	 70.0
4285           	 70.0
4286           	 71.0
4287           	 70.0
4288           	 71.0
4289           	 71.0
4290           	 71.0
4291           	 71.0
4292           	 70.0
4293           	 71.0
4295           	 71.0
4296           	 70.0
4297           	 71.0
4298           	 70.0
4299           	 70.0
4300           	 70.0
4301           	 71.0
4302           	 71.0
4303           	 71.0
4305           	 71.0
4306           	 71.0
4307           	 71.0
4308           	 71.0
4309           	 71.0
4310           	 70.0
4311           	 70.0
4312           	 71.0
4313           	 69.0
4314           	 70.0
4316           	 70.0
4317           	 70.0
4318           	 70.0
4319           	 71.0
4320           	 70.0
4321           	 69.0
4322           	 71.0
4323           	 71.0
4325           	 71.0
4326           	 70.0
4327           	 70.0
4328           	 71.0
4329           	 70.0
4330           	 71.0
4331           	 70.0
4332           	 70.0
4333           	 70.0
4334           	 70.0
4336           	 70.0
4337           	 71.0
4338           	 70.0
4339           	 71.0
4340           	 70.0
4341           	 71.0
4342           	 71.0
4343           	 70.0
4345           	 71.0
4346           	 69.0
4347           	 71.0
4348           	 70.0
4349           	 71.0
4350           	 71.0
4351           	 70.0
4352           	 70.0
4354           	 71.0
4355           	 71.0
4356           	 70.0
4357           	 70.0
4358           	 70.0
4359           	 70.0
4360           	 70.0
4361           	 70.0
4362           	 70.0
4363           	 70.0
4365           	 70.0
4366           	 70.0
4367           	 70.0
4368           	 70.0
4369           	 70.0
4370           	 70.0
4371           	 70.0
4372           	 70.0
4373           	 70.0
4375           	 70.0
4376           	 71.0
4377           	 69.0
4378           	 70.0
4379           	 69.0
4380           	 69.0
4381           	 70.0
4382           	 70.0
4383           	 70.0
4385           	 70.0
4386           	 71.0
4387           	 70.0
4388           	 71.0
4389           	 70.0
4390           	 70.0
4391           	 70.0
4392           	 70.0
4393           	 69.0
4395           	 70.0
4396           	 70.0
4397           	 69.0
4398           	 70.0
4399           	 70.0
4400           	 69.0
4401           	 70.0
4402           	 70.0
4403           	 71.0
4404           	 70.0
4406           	 71.0
4407           	 70.0
4408           	 70.0
4409           	 70.0
4410           	 70.0
4411           	 70.0
4412           	 70.0
4413           	 70.0
4415           	 70.0
4416           	 69.0
4417           	 70.0
4418           	 70.0
4419           	 70.0
4420           	 70.0
4421           	 70.0
4422           	 69.0
4423           	 70.0
4425           	 70.0
4426           	 70.0
4427           	 71.0
4428           	 70.0
4429           	 70.0
4430           	 70.0
4431           	 70.0
4432           	 69.0
4433           	 69.0
4434           	 69.0
4435           	 69.0
4437           	 70.0
4438           	 69.0
4439           	 69.0
4440           	 70.0
4441           	 69.0
4442           	 69.0
4443           	 69.0
4444           	 69.0
4445           	 69.0
4446           	 69.0
4448           	 69.0
4449           	 69.0
4450           	 69.0
4451           	 70.0
4452           	 69.0
4453           	 69.0
4454           	 70.0
4455           	 69.0
4456           	 69.0
4457           	 69.0
4458           	 69.0
4460           	 70.0
4461           	 69.0
4462           	 69.0
4463           	 70.0
4464           	 69.0
4465           	 69.0
4466           	 69.0
4467           	 69.0
4468           	 69.0
4470           	 69.0
4471           	 68.0
4472           	 69.0
4473           	 69.0
4474           	 69.0
4475           	 69.0
4476           	 69.0
4477           	 70.0
4478           	 70.0
4480           	 70.0
4481           	 70.0
4482           	 69.0
4483           	 68.0
4484           	 69.0
4485           	 70.0
4486           	 69.0
4487           	 69.0
4488           	 69.0
4489           	 69.0
4491           	 69.0
4492           	 70.0
4493           	 70.0
4494           	 69.0
4495           	 70.0
4496           	 69.0
4497           	 69.0
4498           	 70.0
4500           	 69.0
4501           	 69.0
4502           	 70.0
4503           	 69.0
4504           	 70.0
4505           	 70.0
4506           	 70.0
4507           	 70.0
4509           	 69.0
4510           	 70.0
4511           	 69.0
4512           	 69.0
4513           	 69.0
4514           	 69.0
4515           	 70.0
4516           	 69.0
4518           	 70.0
4519           	 70.0
4520           	 69.0
4521           	 70.0
4522           	 69.0
4523           	 69.0
4524           	 69.0
4526           	 69.0
4527           	 69.0
4528           	 69.0
4529           	 69.0
4530           	 70.0
4531           	 71.0
4532           	 70.0
4533           	 69.0
4534           	 69.0
4536           	 70.0
4537           	 69.0
4538           	 70.0
4539           	 69.0
4540           	 70.0
4541           	 70.0
4542           	 69.0
4543           	 69.0
4544           	 70.0
4545           	 69.0
4547           	 69.0
4548           	 69.0
4549           	 69.0
4550           	 69.0
4551           	 71.0
4552           	 70.0
4553           	 69.0
4554           	 70.0
4555           	 69.0
4556           	 69.0
4558           	 70.0
4559           	 70.0
4560           	 70.0
4561           	 70.0
4562           	 71.0
4563           	 69.0
4564           	 69.0
4565           	 70.0
4567           	 70.0
4568           	 70.0
4569           	 71.0
4570           	 69.0
4571           	 70.0
4572           	 70.0
4573           	 69.0
4574           	 70.0
4575           	 70.0
4576           	 69.0
4578           	 68.0
4579           	 70.0
4580           	 70.0
4581           	 70.0
4582           	 70.0
4583           	 69.0
4584           	 69.0
4585           	 69.0
4586           	 69.0
4587           	 69.0
4588           	 70.0
4590           	 69.0
4591           	 70.0
4592           	 70.0
4593           	 69.0
4594           	 69.0
4595           	 69.0
4596           	 69.0
4597           	 69.0
4598           	 69.0
4599           	 68.0
4600           	 68.0
4601           	 68.0
4602           	 68.0
4603           	 66.0
4605           	 65.0
4606           	 64.0
4607           	 65.0
4608           	 64.0
4609           	 65.0
4610           	 65.0
4611           	 64.0
4612           	 65.0
4613           	 64.0
4614           	 63.0
4615           	 63.0
4616           	 63.0
4617           	 63.0
4618           	 62.0
4620           	 61.0
4621           	 62.0
4622           	 62.0
4623           	 62.0
4624           	 64.0
4625           	 63.0
4626           	 64.0
4627           	 65.0
4628           	 66.0
4629           	 66.0
4630           	 65.0
4631           	 65.0
4632           	 65.0
4633           	 64.0
4634           	 66.0
4635           	 65.0
4636           	 66.0
4637           	 66.0
4638           	 66.0
4639           	 68.0
4641           	 68.0
4642           	 67.0
4643           	 67.0
4644           	 68.0
4645           	 67.0
4646           	 68.0
4647           	 67.0
4648           	 67.0
4649           	 69.0
4650           	 67.0
4652           	 68.0
4653           	 67.0
4654           	 67.0
4655           	 68.0
4656           	 67.0
4657           	 67.0
4658           	 67.0
4659           	 68.0
4660           	 66.0
4661           	 67.0
4663           	 67.0
4664           	 64.0
4665           	 65.0
4666           	 66.0
4667           	 67.0
4668           	 66.0
4669           	 67.0
4670           	 67.0
4671           	 67.0
4672           	 68.0
4673           	 67.0
4674           	 68.0
4676           	 67.0
4677           	 67.0
4678           	 68.0
4679           	 68.0
4680           	 69.0
4681           	 68.0
4682           	 68.0
4683           	 68.0
4684           	 68.0
4685           	 67.0
4687           	 67.0
4688           	 68.0
4689           	 69.0
4690           	 69.0
4691           	 68.0
4692           	 68.0
4693           	 69.0
4694           	 69.0
4695           	 68.0
4696           	 68.0
4697           	 68.0
4699           	 69.0
4700           	 69.0
4701           	 69.0
4702           	 68.0
4703           	 68.0
4704           	 69.0
4705           	 69.0
4706           	 68.0
4707           	 68.0
4708           	 67.0
4709           	 68.0
4710           	 68.0
4712           	 69.0
4713           	 68.0
4714           	 68.0
4715           	 68.0
4716           	 68.0
4717           	 68.0
4718           	 68.0
4719           	 69.0
4720           	 69.0
4721           	 69.0
4722           	 68.0
4724           	 68.0
4725           	 68.0
4726           	 69.0
4727           	 69.0
4728           	 68.0
4729           	 69.0
4730           	 69.0
4731           	 69.0
4732           	 68.0
4733           	 69.0
4734           	 68.0
4736           	 69.0
4737           	 69.0
4738           	 69.0
4739           	 69.0
4740           	 69.0
4741           	 69.0
4742           	 69.0
4743           	 68.0
4744           	 68.0
4745           	 69.0
4747           	 68.0
4748           	 68.0
4749           	 68.0
4750           	 69.0
4751           	 68.0
4752           	 69.0
4753           	 69.0
4754           	 68.0
4755           	 69.0
4756           	 68.0
4758           	 69.0
4759           	 68.0
4760           	 68.0
4761           	 69.0
4762           	 69.0
4763           	 69.0
4764           	 69.0
4765           	 68.0
4766           	 68.0
4768           	 69.0
4769           	 70.0
4770           	 69.0
4771           	 69.0
4772           	 68.0
4773           	 69.0
4774           	 70.0
4775           	 69.0
4776           	 68.0
4777           	 69.0
4778           	 69.0
4780           	 70.0
4781           	 70.0
4782           	 68.0
4783           	 69.0
4784           	 69.0
4785           	 69.0
4786           	 68.0
4787           	 69.0
4788           	 69.0
4789           	 70.0
4791           	 69.0
4792           	 69.0
4793           	 69.0
4794           	 69.0
4795           	 69.0
4796           	 69.0
4797           	 69.0
4798           	 69.0
4799           	 70.0
4801           	 69.0
4802           	 68.0
4803           	 69.0
4804           	 70.0
4805           	 68.0
4806           	 69.0
4807           	 69.0
4808           	 69.0
4809           	 70.0
4810           	 69.0
4811           	 68.0
4813           	 69.0
4814           	 69.0
4815           	 69.0
4816           	 69.0
4817           	 69.0
4818           	 70.0
4819           	 69.0
4820           	 70.0
4821           	 69.0
4822           	 69.0
4823           	 69.0
4825           	 69.0
4826           	 69.0
4827           	 68.0
4828           	 69.0
4829           	 69.0
4830           	 70.0
4831           	 69.0
4832           	 69.0
4833           	 69.0
4834           	 69.0
4835           	 69.0
4836           	 69.0
4837           	 68.0
4839           	 69.0
4840           	 69.0
4841           	 69.0
4842           	 67.0
4843           	 69.0
4844           	 69.0
4845           	 67.0
